[gd_scene load_steps=3 format=3 uid="uid://cf3mfthkjoq5e"]

[ext_resource type="PackedScene" uid="uid://c2jwls8paont4" path="res://assets/level_builder/level_tiles/level_elements/base_floor.tscn" id="1_bgvup"]
[ext_resource type="PackedScene" uid="uid://cqksnij425pe5" path="res://assets/modificator/additionator.tscn" id="2_ppvxi"]

[node name="Bonus1" type="Node3D"]

[node name="BaseFloor" parent="." instance=ExtResource("1_bgvup")]

[node name="Additionator" parent="." instance=ExtResource("2_ppvxi")]
transform = Transform3D(1, 0, 0, 0, 0.819152, 0.573576, 0, -0.573576, 0.819152, -0.0270214, 0.348536, 3.29501)
sheep_to_add = 100

[node name="Additionator2" parent="." instance=ExtResource("2_ppvxi")]
transform = Transform3D(1, 0, 0, 0, 0.819152, 0.573576, 0, -0.573576, 0.819152, -0.0270214, 0.348536, 1.01593)
sheep_to_add = 100

[node name="Additionator3" parent="." instance=ExtResource("2_ppvxi")]
transform = Transform3D(1, 0, 0, 0, 0.819152, 0.573576, 0, -0.573576, 0.819152, -0.0270214, 0.348536, -1.9135)
sheep_to_add = 100
