[gd_scene load_steps=6 format=3 uid="uid://d04qefeiw8i3a"]

[ext_resource type="PackedScene" uid="uid://cifvmg43nohbm" path="res://assets/player/player.tscn" id="2_nl0qp"]
[ext_resource type="Script" path="res://assets/Ennemy/ennemy.gd" id="3_7ob2i"]
[ext_resource type="Texture2D" uid="uid://c56kbvrnjk0jb" path="res://sprites/Priest_face.png" id="3_5586v"]
[ext_resource type="PackedScene" uid="uid://btd0ynwce5qb6" path="res://assets/modificator.tscn" id="3_xk55x"]

[sub_resource type="CapsuleShape3D" id="CapsuleShape3D_cjlwp"]
radius = 2.13128
height = 8.21087

[node name="TheoScene" type="Node3D"]

[node name="Camera3D" type="Camera3D" parent="."]
transform = Transform3D(1, 0, 0, 0, 0.819152, 0.573576, 0, -0.573576, 0.819152, 0, 16.7154, 15.2633)

[node name="Sheeps" type="Node3D" parent="."]
transform = Transform3D(1, 0, 0, 0, 1, 0, 0, 0, 1, 0, 0, 4.53433)

[node name="Player" parent="." node_paths=PackedStringArray("spawnPointSheep") instance=ExtResource("2_nl0qp")]
spawnPointSheep = NodePath("../Sheeps")

[node name="Modificator" parent="." instance=ExtResource("3_xk55x")]
transform = Transform3D(1, 0, 0, 0, 0.819152, 0.573576, 0, -0.573576, 0.819152, 0, 4.2076, -194.243)
modificator = 2

[node name="Modificator3" parent="." instance=ExtResource("3_xk55x")]
transform = Transform3D(1, 0, 0, 0, 0.819152, 0.573576, 0, -0.573576, 0.819152, 0, 4.2076, -354.267)
modificator = 2

[node name="Modificator2" parent="." instance=ExtResource("3_xk55x")]
transform = Transform3D(1, 0, 0, 0, 0.819152, 0.573576, 0, -0.573576, 0.819152, 0, 4.2076, -46.9008)
modificator = 5

[node name="DirectionalLight3D" type="DirectionalLight3D" parent="."]
transform = Transform3D(1, 0, 0, 0, 0.707107, 0.707107, 0, -0.707107, 0.707107, 0, 17, 0)

[node name="Ennemies" type="Node3D" parent="."]
transform = Transform3D(1, 0, 0, 0, 1, 0, 0, 0, 1, 0, 0, -442.515)

[node name="Priest" type="Area3D" parent="Ennemies"]
transform = Transform3D(1, 0, 0, 0, 1, 0, 0, 0, 1, 0, 3.13455, 336.299)
script = ExtResource("3_7ob2i")

[node name="CollisionShape3D" type="CollisionShape3D" parent="Ennemies/Priest"]
shape = SubResource("CapsuleShape3D_cjlwp")

[node name="Sprite3D" type="Sprite3D" parent="Ennemies/Priest"]
transform = Transform3D(0.25, 0, 0, 0, 0.204788, 0.143394, 0, -0.143394, 0.204788, 0, 0, 0)
texture = ExtResource("3_5586v")

[connection signal="body_entered" from="Ennemies/Priest" to="Ennemies/Priest" method="_on_body_entered"]
