[gd_scene load_steps=7 format=3 uid="uid://d04qefeiw8i3a"]

[ext_resource type="PackedScene" uid="uid://cyajm1prw0hg3" path="res://assets/corridor/path.tscn" id="1_dvap6"]
[ext_resource type="PackedScene" uid="uid://cifvmg43nohbm" path="res://assets/player/player.tscn" id="2_nl0qp"]
[ext_resource type="Script" path="res://assets/enemies/priest.gd" id="3_7ob2i"]
[ext_resource type="Texture2D" uid="uid://c56kbvrnjk0jb" path="res://sprites/Priest_face.png" id="3_5586v"]
[ext_resource type="PackedScene" uid="uid://btd0ynwce5qb6" path="res://assets/modificator/multiplicator.tscn" id="3_xk55x"]

[sub_resource type="CapsuleShape3D" id="CapsuleShape3D_cjlwp"]
radius = 0.122824
height = 0.339722

[node name="TheoScene" type="Node3D"]

[node name="Path" parent="." instance=ExtResource("1_dvap6")]

[node name="Sheeps" type="Node3D" parent="."]
transform = Transform3D(1, 0, 0, 0, 1, 0, 0, 0, 1, 0, 0, 4.53433)

[node name="Player" parent="." instance=ExtResource("2_nl0qp")]
transform = Transform3D(5, 0, 0, 0, 5, 0, 0, 0, 5, 0, 15.545, 0)

[node name="Modificator" parent="." instance=ExtResource("3_xk55x")]
transform = Transform3D(1, 0, 0, 0, 0.819152, 0.573576, 0, -0.573576, 0.819152, 0, 4.2076, -194.243)
modificator = 2

[node name="Modificator3" parent="." instance=ExtResource("3_xk55x")]
transform = Transform3D(1, 0, 0, 0, 0.819152, 0.573576, 0, -0.573576, 0.819152, 0, 4.2076, -354.267)
modificator = 2

[node name="Modificator2" parent="." instance=ExtResource("3_xk55x")]
transform = Transform3D(1, 0, 0, 0, 0.819152, 0.573576, 0, -0.573576, 0.819152, 0, 4.2076, -46.9008)
modificator = 5

[node name="Ennemies" type="Node3D" parent="."]
transform = Transform3D(1, 0, 0, 0, 1, 0, 0, 0, 1, 0, 0, -442.515)

[node name="Priest" type="Area3D" parent="Ennemies"]
transform = Transform3D(1, 0, 0, 0, 1, 0, 0, 0, 1, 0, 3.13455, 336.299)
script = ExtResource("3_7ob2i")
speed = null

[node name="CollisionShape3D" type="CollisionShape3D" parent="Ennemies/Priest"]
shape = SubResource("CapsuleShape3D_cjlwp")

[node name="Sprite3D" type="Sprite3D" parent="Ennemies/Priest"]
transform = Transform3D(0.01, 0, 0, 0, 0.00819152, 0.00573576, 0, -0.00573576, 0.00819152, 0, 0, 0)
texture = ExtResource("3_5586v")

[connection signal="body_entered" from="Ennemies/Priest" to="Ennemies/Priest" method="_on_body_entered"]
